"Rosa_canina","Briza_media","Lotus_corniculatus","Populus_tremula","Acer_campestre","Rhododendron_ferrugineum","Capsella_bursa-pastoris","Fraxinus_excelsior","Carpinus_betulus","Lonicera_xylosteum","Abies_alba","Salvia_pratensis","Geranium_robertianum"
0.193910052199097,0.0569434043041974,0.0794389270434636,0.0871347603505975,0.0836042822006591,0.103677481464223,0.112004773506541,0.0578021814807157,0.0796752018618712,0.0519494028435037,0.0525993217796995,0.021880111228283,0.0193800997371488
0.193493164192518,0.0568108408654566,0.0788828542018075,0.0864356947945875,0.0832917831095079,0.107177596496399,0.107937194140467,0.0593727476379975,0.07669053201081,0.0530224057493716,0.0542260195972541,0.0221268930229304,0.0205322741808935
0.202100596723073,0.0573564762996171,0.0802834002936567,0.0827073759385376,0.0818954698051301,0.102072870329863,0.111291455068382,0.0587356990599368,0.078256757550453,0.0504715901322461,0.05306948491828,0.0218432598744574,0.0199155640063676
0.196231541494977,0.0581642971765453,0.0785237943178856,0.082687138322898,0.0835530785767351,0.106096551580133,0.109008402805321,0.0610027820518935,0.0830053887176004,0.0484779380358265,0.0510577270583042,0.0222720461832238,0.0199193136786569
0.189232243354057,0.0572982220448455,0.0776484354216112,0.087496749550615,0.0825091798200813,0.103624877264129,0.112345382356528,0.0597821295294056,0.0826540882017537,0.0502127180218724,0.0549933512764095,0.0225546755581396,0.019647947600552
0.196345352689019,0.0567315000459065,0.0792689718102468,0.0849517068880263,0.0811735659049249,0.100869726100062,0.111596746361103,0.0606825976251162,0.0813354304652502,0.0523997997355803,0.053104947094769,0.0218854058193643,0.0196542494606315
0.189063652972793,0.0563028125184067,0.0809329155505842,0.085287483922825,0.0835378537920732,0.102721780082996,0.115118378235156,0.0598769333111869,0.0795269405744431,0.0500332152967395,0.0553900709033957,0.0225446682604795,0.0196632945789215
0.190608419809973,0.0577079306543696,0.0793702748501416,0.085986101863857,0.0843351460113722,0.105066835406978,0.10891734518179,0.0576543433312341,0.0811703122348618,0.0514818082028559,0.0548058969263323,0.0223050285431643,0.0205905569830698
0.190435358242223,0.0583931787637892,0.076921740927992,0.0909493349827343,0.0854057324874565,0.101276712973292,0.109482914494472,0.0591005111525198,0.0815488342635595,0.0506646323112137,0.0545405745996848,0.0222116167089115,0.0190688580921525
0.191279522837952,0.0581168790713998,0.0803019486881747,0.0870514222706301,0.0803953627311538,0.103259683901574,0.112367189470894,0.0594574829244925,0.0794334343520607,0.0504566585471632,0.056082405046208,0.0221749157929333,0.0196230943653634
0.187689253326918,0.0552353529839238,0.080181961109546,0.0875627006462926,0.0833914240710907,0.106075989578819,0.110531042251898,0.0582589581396893,0.082472410282677,0.0519464252116416,0.0538169824035325,0.0225505509497254,0.0202869490442471
0.194515634857342,0.0588857601023251,0.0798780109394103,0.0886481173810095,0.082286715938893,0.101112477942856,0.108753996521915,0.0595140757260453,0.0799825385029959,0.052251520908724,0.0534699157694488,0.0215625412066163,0.0191386942024185
0.187853389130468,0.0576099743225326,0.0786022481037497,0.0912283013151074,0.0803877711038674,0.106386188853836,0.10808046297743,0.0603485737998336,0.0819764412476177,0.0517567694169693,0.0543359024777369,0.0218729151888922,0.0195610620619591
0.188758197520908,0.0584483041981503,0.0790916111098118,0.0903181091327149,0.0812162122372776,0.106374631474665,0.112821352631115,0.057775783212028,0.0786926562990924,0.0508716295892792,0.0522475306390061,0.0230353819656853,0.020348599990267
0.189214632030227,0.0564543788810169,0.0817145966750627,0.0842360631098696,0.0828365405473601,0.10706993458758,0.107937228810807,0.0592842288638779,0.0814581386702718,0.0522727203115199,0.0549334207580159,0.0223865907285101,0.0202015260258811
0.194842525773855,0.0599302276937603,0.0807491883748159,0.0866912136712307,0.0799263931132711,0.101767652101592,0.107065276087678,0.0619320508618105,0.0795486704950893,0.0518312126600639,0.0551968122073646,0.0213877454450346,0.019131031514433
0.190865928416636,0.0586532603265978,0.082740526799951,0.0874991843088677,0.0828787913417578,0.105086976188712,0.107925034700361,0.0571942458473401,0.0829433979582215,0.0486732000561274,0.0537235112821363,0.0220568855803608,0.0197590571929314
0.189837439476159,0.0576899124772914,0.0768559941258181,0.0876592756989543,0.0828903263185127,0.102322493317924,0.113186559803736,0.0593388849362517,0.0822050494413316,0.0503893501240204,0.0556964452581241,0.0225615881993984,0.0193666808224779
0.19014902733647,0.060255696298582,0.0806297271082665,0.0885010090184745,0.0816431757713419,0.0991026651057228,0.11227746929389,0.0614258058560678,0.0810834694309539,0.0505360130509604,0.0539451865532863,0.0215382102395117,0.0189125449364717
0.191464692151478,0.0575458622731589,0.0772213840896104,0.0902387007486127,0.0840874748519197,0.103491816870864,0.110426630218739,0.0600968532254294,0.0813137001763776,0.049117661387836,0.053800535742375,0.0218611191555923,0.0193335691080062
0.187362290861421,0.0580653568870835,0.0771572681722372,0.0863853949093599,0.0838681457139288,0.108183312369192,0.110869250714355,0.061728894758416,0.0780792244059609,0.0510606185073484,0.0554153754668996,0.0217359302443505,0.0200889369894467
0.189834453689062,0.0574299580080418,0.0783852375684049,0.0870538403825251,0.0822831434856964,0.10372503400743,0.114142457545166,0.0602955048167619,0.0796561694956743,0.0518280394950578,0.0548490775244889,0.0218306507363841,0.018686433245307
0.189976485275362,0.055158333130775,0.081763122168553,0.0871499247015188,0.0826464808497619,0.108540608772113,0.105899127105647,0.0591108025338362,0.0833272840466001,0.0505781018465891,0.0536469685533362,0.0224386742130523,0.0197640868028552
0.188272970000957,0.0577281159932008,0.0801162665224689,0.0852109852747869,0.0831432384022566,0.103018440590499,0.114925491503845,0.0611471421167275,0.0787339092697977,0.0500418929753787,0.0550721370959997,0.0221424673259182,0.0204469429281653
0.187135188075185,0.0565528710415071,0.0804716074398535,0.088955793720842,0.0845896966000238,0.105175858280474,0.110513802065885,0.0588170249388422,0.0792498524134578,0.0511487671852821,0.0550437688649378,0.0230841198971813,0.0192616494765286
0.192516248284419,0.0584538615157356,0.0795997481069353,0.0917775193955891,0.0788029557116218,0.102345683684514,0.112623748626587,0.0586304884824535,0.0778460077404261,0.0506931468341618,0.0545875919715366,0.0220589049343095,0.0200640947117104
0.196789936277033,0.0582688850749741,0.0772925694412247,0.0869984348563059,0.0830474383215409,0.103273929064581,0.108249876722158,0.0585999224285405,0.0808401292044054,0.0509977195139877,0.0548820264099495,0.0218108909561831,0.0189482417291158
0.192628353709364,0.0568035156401615,0.0786526837258077,0.0885572655101591,0.0829423870913761,0.104967685416546,0.114868520724331,0.0586759110068836,0.075030014370857,0.0502893303833356,0.0550963124771467,0.0217844341584556,0.0197035857855755
0.202907789558518,0.0570828939655287,0.0774280289936076,0.0849215039078613,0.0785406576681419,0.10257568293311,0.110728102600697,0.0592721473366035,0.0802644249914753,0.0499194245111738,0.0536546644439745,0.0229823897381028,0.0197222893512057
0.18820988642727,0.0583443730444763,0.0791290774169914,0.0859530281413498,0.0860177288262964,0.106196788031053,0.107034997829837,0.0624210136505678,0.0801832465695844,0.0507742680875604,0.0539599628061824,0.0221167330416565,0.0196588961271738
0.193600206282058,0.0574909574619063,0.0750929362778135,0.0868291692027681,0.0848726132292616,0.108002049886009,0.109077819032486,0.0592360895357201,0.0785339733210485,0.0495617304281317,0.0553008110701424,0.0227286250577695,0.0196730192148854
0.19455925971955,0.0574131534432787,0.0788371375470642,0.088474662861807,0.081114316247225,0.103114824666735,0.109748479433252,0.0585293407331818,0.0817622692237474,0.0502595369867541,0.0552936249028378,0.0217335301440054,0.0191598640905607
0.190241773620466,0.0579734338110304,0.0805780500618354,0.0885227198210663,0.0829990835545129,0.104611918339905,0.107507169955719,0.0597985941427926,0.0796517623038295,0.0513463231530524,0.0551343438513442,0.021752038630483,0.0198827887539637
0.193985735209195,0.0578677331962782,0.0802892158308153,0.0843368779785488,0.0820725543253684,0.106463888479633,0.109779774978503,0.0585425937120145,0.0808460244977658,0.0501858570040867,0.0549633011040929,0.0215753940073895,0.0190910496763094
0.198450342213887,0.0609273805904548,0.0798334931291632,0.0836878041398392,0.0817078263376076,0.100083707460788,0.113443975033909,0.059220175547579,0.0794544251246273,0.0508896478854988,0.0513636444479565,0.0219586769197186,0.0189789011689718
0.184435494439528,0.0594193359871048,0.0771178589816527,0.0859211257717535,0.082771799021426,0.103212985532934,0.117013230737586,0.0602841291864894,0.0813705168406043,0.0512954187952466,0.0551959648953179,0.0227260382290568,0.0192361015813007
0.195225682208109,0.059494133744044,0.0819169803475116,0.084926525318684,0.0817464829856774,0.10311027535675,0.108990605863102,0.0578359558517385,0.0800169939855879,0.049708258367057,0.0554282381914827,0.0224546675595968,0.0191452002206584
0.188853597987926,0.0573389559372462,0.0787963751835576,0.0865430149483638,0.0811904315928854,0.104042055779171,0.112077069481678,0.0612181581026239,0.0820556099893108,0.0511900647404551,0.0555822177857654,0.0216866702482621,0.0194257782227552
0.192527623893321,0.0558570208615879,0.0788309737328407,0.0866544317749299,0.0847416994684076,0.106735295615159,0.108937850685293,0.0595881390757302,0.0806960847907539,0.0510655759910316,0.0536820952256455,0.0213493591544169,0.0193338497308826
0.192501578757525,0.0581655903915926,0.0789347567270535,0.0859426945224012,0.0802209818335818,0.108722650752332,0.106102865252725,0.0576393250663479,0.0824593283140335,0.0528055465438293,0.0532096116117586,0.0230650259187299,0.0202300443080892
0.187685862236447,0.0589001477118159,0.0811951512385521,0.084234278024432,0.0816501611141732,0.107387795357657,0.112700602855235,0.0590937773340966,0.0790279103854062,0.0516694406470232,0.0551660905201676,0.0222673669638083,0.0190214156111863
0.188590471560814,0.0553775464966283,0.0820589261703104,0.0825533591752874,0.0834540561716132,0.108178341783605,0.112573718679619,0.0588934856195684,0.0787579112946023,0.0513468880013355,0.0556041258249894,0.0228854567703595,0.0197257124512675
0.188358065668173,0.0566520014630934,0.0768925793542877,0.0876723835910637,0.0837498856025597,0.107268771316951,0.110620570868589,0.0594595770197974,0.0826491418953345,0.0495846326260028,0.0546842952087064,0.0223377838860926,0.0200703114993489
0.188561128132264,0.0585955245264732,0.0782258629180611,0.0864191835097418,0.0829745377791656,0.109133480783906,0.10262281448552,0.0606918004758716,0.0841047144958222,0.0510356963747951,0.0559887615075941,0.0219021490045378,0.0197443460062469
0.191471473210841,0.0589520413811388,0.0780603125883881,0.0848979521166,0.0843350619052351,0.100549295926823,0.112584774574727,0.0601379582091234,0.0809284517789637,0.0529556785872213,0.0527320080614843,0.02289580726881,0.0194991843906434
0.193059383851042,0.0560623878685326,0.0797691594940788,0.084722912153152,0.0809750432199448,0.105769744737665,0.111483887979813,0.0602503128925316,0.0800004402911286,0.0518446162820119,0.0543361912261853,0.021782826058578,0.0199430939453369
0.198555177672695,0.0558979071867093,0.0806573799043282,0.0852760760050284,0.0810665717206079,0.103415869145649,0.110095235052229,0.0597901676222479,0.0796321048110342,0.0502082363195702,0.0542518376279012,0.0215231458015314,0.0196302911304693
0.182353658098437,0.0583645843699324,0.0843958075337742,0.085333798347568,0.0808493894440004,0.107083460819212,0.112052301403252,0.0597116758330901,0.0812983420630475,0.051100721101743,0.0556946656814204,0.0219704653159579,0.019791129988565
0.182243834116592,0.0580161953173357,0.0791448395472404,0.0887993271483937,0.0794993676393846,0.104096922691516,0.117299417978748,0.0591891811715945,0.0819664745144216,0.0511309392690167,0.0542316807289479,0.0232138076997926,0.0211680121770161
0.189960305125606,0.0580782111786931,0.0783596696802136,0.0861372685819898,0.0785058941450114,0.10169155514329,0.114057592822104,0.0607414115543177,0.0855208365772413,0.0524909534615766,0.0527559644796894,0.0223440814603102,0.0193562557899571
0.194056033280578,0.0581689388424235,0.079473867553243,0.0883902151709381,0.0802089192103853,0.102929191738218,0.112567591879138,0.0603071826521985,0.0761583033286368,0.0507290622120572,0.0552061753468865,0.0226711908173709,0.0191333279679273
0.198039498843515,0.0541599619389787,0.0773154492317588,0.0834339455840309,0.083112673182175,0.102065094255805,0.113214774982492,0.0587271307186175,0.0797854632381223,0.0491657400349024,0.0568155766832538,0.0230550802055542,0.0211096111007948
0.191737648763285,0.0554848114915516,0.0775032607336231,0.0893728711836619,0.0821089695406357,0.108915596199001,0.107848833969803,0.0589395249338502,0.0783532541403577,0.0515101499889206,0.0567237907713721,0.0217962545115478,0.0197050337723893
0.191008207280964,0.058761976025954,0.0794797132642972,0.0867323113485896,0.081222698016503,0.106906097122089,0.105219371791014,0.0600250939072024,0.0802730515908537,0.0521726601717136,0.0552489190721429,0.0226723828518535,0.0202775175568234
0.193443967265194,0.0592368005115057,0.0779875372674737,0.088688451833028,0.084092134418345,0.100126304644944,0.111387079270805,0.0598922623566798,0.0784205580109672,0.0509000960119568,0.0541609284530788,0.021915428139597,0.0197484518164248
0.195359815737871,0.057350342866414,0.0750029413829637,0.085619359463927,0.0831400940790208,0.104886012499503,0.112823579862277,0.0597214350597561,0.0813514360401457,0.0502941179952428,0.0533874212483071,0.0211247611521619,0.0199386826124102
0.18881860059513,0.0589525057845515,0.0754553660576762,0.0893878522311846,0.0852335574978273,0.10766910537418,0.111271331090219,0.0589528573072127,0.0799064348109413,0.0482241153262481,0.0558269008576057,0.0219280138733804,0.0183733591938438
0.19699013966612,0.0579737470537199,0.0761190101058298,0.0875039564775642,0.0850775083315545,0.102997213388551,0.112235951811143,0.0579896098007124,0.0776777882193787,0.0488765577103514,0.0543588613527332,0.0227498231260619,0.0194498329562805
0.192812852746152,0.0569396391551555,0.0815468887714369,0.0882509011688189,0.0816416443442986,0.102744204938697,0.109697734046131,0.0591459307197891,0.0803787623954359,0.0512189066386778,0.0538483347212047,0.0223444026684801,0.0194297976857232
0.191758423732974,0.0575779705936574,0.0755595217434901,0.0849320128369111,0.0858141744498841,0.106353956243255,0.111892533404809,0.0573804151084028,0.0793839980710868,0.0518570963833486,0.0557016446238047,0.0220176674903155,0.0197705853180612
0.193332528416466,0.056489118471659,0.075954594666918,0.0856314420365528,0.0772522839955935,0.111602158712901,0.114332586230902,0.0588651342844135,0.0800737409280808,0.0506355432377037,0.0547699343292973,0.0217223968412955,0.0193385378482161
0.191114240044424,0.0577485621273158,0.0795336707982881,0.0887983081806173,0.082508028068499,0.105226821358155,0.110686182703346,0.0595014790530192,0.079260451554561,0.0505108107173055,0.0540655343927896,0.0220446081824485,0.0190013028192306
0.192102499680031,0.0569801937140377,0.0796080779278342,0.0884688325768186,0.0854777367363078,0.104143443801763,0.107907906934658,0.0606830171995586,0.0770265164488686,0.0532988039744425,0.0532764084105179,0.0223531686296537,0.0186733939655091
0.195157094154538,0.0585170886171423,0.0779928047779696,0.0871573729317278,0.080716013275212,0.105492389071476,0.109658876730063,0.0594604395842963,0.0786939254799119,0.0519268195642899,0.0544518305380687,0.0219007381154655,0.0188746071598397
0.19593573171442,0.0601440078409795,0.076595368663063,0.0861878049773725,0.0831593075223234,0.101329691086066,0.112980212039751,0.0596673512269735,0.0778699288452066,0.0500570540524203,0.0550253157526535,0.0220594447644208,0.0189887815143506
0.199616552573029,0.0564436319621749,0.0808025471638179,0.0848032083412677,0.0818912997973691,0.104502449930367,0.103343582999563,0.0591538416126699,0.0805332231696573,0.0524351588543947,0.0558090676587882,0.0221058435701446,0.0185595923667564
0.194219671359701,0.0561820812524617,0.0791152077550096,0.0874167076907139,0.0855280657115439,0.105183688722638,0.108237694801457,0.058689012971749,0.0784110997961367,0.0528577401410027,0.0533545822372275,0.0214966450749511,0.0193078024854088
0.19106695371196,0.0574674386188073,0.0792191942489742,0.0875412852823692,0.0794227137859012,0.104372860002799,0.112957711433031,0.060017437912582,0.0814605309652767,0.0496415373771052,0.0546487898081078,0.0225395388434978,0.0196440080095883
0.194794723210486,0.0578716354095676,0.0787752178760702,0.0898615349953807,0.0810983436129922,0.100755676295434,0.109736444848276,0.0580978850859361,0.0824410515073686,0.0487924058377028,0.054911362703755,0.0231902231119269,0.0196734955051038
0.19107204614922,0.0579840424186887,0.0777096077856176,0.0878725067604471,0.084380447606894,0.106568181452179,0.106118398499905,0.0583780808967233,0.0799060934509031,0.0531941389818458,0.0559152237821351,0.0220257806867145,0.0188754515287275
0.191832028603886,0.0576254734774799,0.0787080338618737,0.0861648534571105,0.0828226489352211,0.103167258898029,0.111722488771188,0.0617668391670001,0.080877887354618,0.0495236646098108,0.0549335156967293,0.021633892848712,0.0192214143183416
0.187659195903956,0.0565332835302519,0.0804295006669285,0.0830251209089041,0.0842421015414525,0.109582674608411,0.108175145315076,0.0629013727604325,0.0801506683107841,0.0518465490338352,0.0536766329211757,0.0218851685564261,0.0198925859423662
0.189813506750666,0.0606639051902745,0.0755017192462388,0.086065811821863,0.0859893570331437,0.103457422680106,0.107967404858647,0.0625643040466756,0.0825242379696298,0.0505871462658545,0.0530023536774079,0.0227608413532207,0.0191019891062731
0.189945063614306,0.0595512227863657,0.078103137070562,0.0870654935033311,0.0812921037977259,0.10735132952612,0.110970420421524,0.0601365702811615,0.0806910897301505,0.049837404216134,0.0538606761180438,0.02166560288173,0.0195298860528457
0.193481698320498,0.0577933632798883,0.0791495972967805,0.083826091869169,0.0839401163931144,0.105529287479703,0.107211465268443,0.0616867552499984,0.0787790623212223,0.0523058475044273,0.0544213659841514,0.0229210142217178,0.0189543348108868
0.192290038715731,0.0572075362177139,0.079636694706767,0.0870304691807658,0.0816699554761369,0.106821747150449,0.107921519201326,0.0594152490906597,0.0827461072587259,0.0499439631965168,0.0536998783390888,0.0217459776932124,0.0198708637729071
0.197508200214503,0.0572661483385553,0.077268973350601,0.0856308170619815,0.0846319840372701,0.10246552123664,0.110263333152334,0.0582818042616254,0.0786616383923273,0.0536620877572051,0.0531177599957003,0.0215214895301308,0.0197202426711269
0.200304828633294,0.0571641328622125,0.0762353751515426,0.0833726690904188,0.0834776162372496,0.103688329129393,0.111176083039908,0.0613375783991572,0.07680860466441,0.0514348969450815,0.0541882809777013,0.0217279284690145,0.0190836764006163
0.198049916579609,0.0567172312890824,0.0801805417235532,0.0883650989766527,0.0810944222937594,0.104907892003153,0.10956037565671,0.0590682478990707,0.0767948587403628,0.0495625320085759,0.0548400569761635,0.0209697618361907,0.0198890640171177
0.194750485108408,0.0567471299398342,0.0807614192926292,0.0871048023956858,0.0851832833751095,0.103002883588966,0.111157756415363,0.0605379090288138,0.0788383585905282,0.0485696492162262,0.0533957212747903,0.0214518376511987,0.0184987641224474
0.194105409592725,0.0595880452244561,0.0802492094366698,0.0862676969463523,0.0828123489914939,0.10365139573079,0.107460795255286,0.0604588706891263,0.080093286322116,0.0484885048314505,0.054353108006498,0.0222482013676628,0.0202231276053731
0.192657092698257,0.059192426227947,0.0814164986927443,0.0875800614520961,0.0792452857144935,0.105771907696457,0.109634236570633,0.0584639931401361,0.0777416415705548,0.0519283704444411,0.0541204142899158,0.0218797209322401,0.0203683505700837
0.191192825089257,0.0590020967014434,0.0787302733403967,0.0844610951252274,0.0862927207855852,0.103844115882642,0.109167969577954,0.0589808154554777,0.0809834430269038,0.0519574304232517,0.0533092319472961,0.0225945654061833,0.0194834172383822
0.195774223975647,0.0550870769617391,0.0787868894019341,0.0857267306794357,0.0833946081410474,0.103526893574814,0.108041494809026,0.0620107648938483,0.0807197636758452,0.0521973738103967,0.053304353977265,0.0214615434065667,0.0199682826924356
0.194864938065633,0.0594168884612497,0.080394218544797,0.0816527185036242,0.0811428517061655,0.107609718197913,0.111996962019242,0.060075920768361,0.0798738396735699,0.0497375718534464,0.0527214420085138,0.0211102114220389,0.0194027187754461
0.187241243637892,0.0572062550366101,0.0806716407355412,0.0892913922355243,0.0822562449105987,0.103852442897839,0.11005510246487,0.0625046134124724,0.0788564889150598,0.0507929849339894,0.0554191734910781,0.0222689857831688,0.0195834315453569
0.189553683241891,0.0597432335520351,0.0778154783545718,0.0858370008529871,0.0808593878775041,0.103409333431867,0.112650149911855,0.0603998034960705,0.082835778799256,0.0513067990714667,0.0542318642229311,0.0219888880013587,0.0193685991862056
0.189264807975505,0.0583159251416028,0.0803551719484912,0.0849160937173725,0.083020500036885,0.106322699908689,0.113305725470912,0.0581100987031362,0.077057252661183,0.0521521275461364,0.0568490398424087,0.0213778638482508,0.0189526931994267
0.192022862360549,0.0565234204109772,0.0779699723213472,0.0862641835654866,0.081703662919978,0.102703400900399,0.112250594595002,0.0576289826925824,0.08518524783941,0.0511000636118204,0.0553525756266691,0.0214199724002869,0.0198750607554913
0.190184826081327,0.0592169093940724,0.0809230858764528,0.0846296386571405,0.0799916523867374,0.105664165282271,0.112014200477423,0.0593878418237204,0.0780282950551852,0.052472332016298,0.0556794615888344,0.0219605767143532,0.019847014646185
0.189815297238053,0.0595178862336316,0.0819102037495553,0.0862519433318079,0.0831782500004936,0.104104297924441,0.109581621623767,0.0589956125300628,0.0811034249789553,0.0492101485905703,0.0533218661635979,0.0225299971109162,0.0204794505241483
0.196093797743096,0.0549560756217177,0.0774008438045608,0.0870317104608094,0.0795881154684651,0.10524169205468,0.112283432993904,0.0597661782311488,0.0800610626824416,0.0508602200596154,0.0544114963151686,0.0226989932713373,0.019606381293056
0.191354988193106,0.0590291857014097,0.0807363319013517,0.0896675824627319,0.0819615987736741,0.106979242319361,0.108112464065303,0.0579488548241658,0.0799823311664009,0.0527808692494313,0.050921102914816,0.0215583566601441,0.0189670917681035
0.190389448738372,0.0582720446811733,0.0803632338323769,0.0852791618057656,0.0840542609707325,0.104678949143495,0.111040417546284,0.0583935778474345,0.0834439051702415,0.0497070852053749,0.0524199181359815,0.0223542502829505,0.0196037466398172
0.195262068084445,0.0577371034540528,0.0779887900558103,0.0879727314556017,0.0792465718169937,0.1045769599393,0.111598237295556,0.0609485602382291,0.0794235849500507,0.0518776815059823,0.0522862568829511,0.0213573805509089,0.0197240737701177
0.191274479929764,0.0587437669038639,0.0759766140664171,0.0883135872724424,0.083806862900495,0.103994253550373,0.109584274942175,0.0617264159615649,0.080759546135479,0.0516013893926249,0.053198472117135,0.020858831097075,0.0201615057305917
0.190807443697839,0.0547985606186797,0.0819149078946943,0.0854724821046337,0.0815258991580529,0.102564073453385,0.111989583093072,0.060564583370834,0.081519095924498,0.0505472590633704,0.0560480332902005,0.0222789744078962,0.0199691039228442
0.188903725886053,0.0567274452861103,0.0780938673840282,0.0855598994039677,0.0828396311814856,0.104438673113729,0.107538236172805,0.0605140976381009,0.0825950706297452,0.053538270259314,0.0571426307219048,0.0228149711619566,0.019293481160799
0.193859101941591,0.0584065149661842,0.0770724067845135,0.0892203782980151,0.082035661529197,0.105644999974768,0.1081622910032,0.059029513165784,0.0803992255906777,0.0512213729322955,0.0532057117667158,0.0220676041253897,0.0196752179216678
0.194506014876966,0.0580898023811134,0.0795545250098964,0.0855646376923211,0.0827969745294331,0.0999325539590427,0.112506436317052,0.0588065081765892,0.0804440403709826,0.051438624434278,0.0541071864417761,0.0224769493680403,0.0197757464425093
